Theta	Demes	TotalKappa	migration	mutation	frequency	growth	s	r	z	RatioCapacities	RatioMigration	replicates	Rescue	Error
100.00000	2.00000	20000.00000	0.00010	0.00005	0.00050	1.01000	0.10000	0.90000	0.02000	0.50000	0.50000	2000.00000	0.32950	0.02701
100.00000	2.00000	20000.00000	0.00010	0.00005	0.00005	1.01000	1.00000	0.90000	0.02000	0.50000	0.50000	2000.00000	0.05350	0.01293
100.00000	2.00000	20000.00000	0.00010	0.00005	0.00050	1.25000	0.10000	0.90000	0.02000	0.50000	0.50000	2000.00000	0.31400	0.02667
100.00000	2.00000	20000.00000	0.00010	0.00005	0.00005	1.25000	1.00000	0.90000	0.02000	0.50000	0.50000	2000.00000	0.06050	0.01370
100.00000	2.00000	20000.00000	0.00010	0.00005	0.00050	1.50000	0.10000	0.90000	0.02000	0.50000	0.50000	2000.00000	0.33250	0.02707
100.00000	2.00000	20000.00000	0.00010	0.00005	0.00005	1.50000	1.00000	0.90000	0.02000	0.50000	0.50000	2000.00000	0.04850	0.01235
100.00000	2.00000	20000.00000	0.00015	0.00005	0.00050	1.01000	0.10000	0.90000	0.02000	0.50000	0.50000	2000.00000	0.31950	0.02680
100.00000	2.00000	20000.00000	0.00015	0.00005	0.00005	1.01000	1.00000	0.90000	0.02000	0.50000	0.50000	2000.00000	0.05700	0.01332
100.00000	2.00000	20000.00000	0.00015	0.00005	0.00050	1.25000	0.10000	0.90000	0.02000	0.50000	0.50000	2000.00000	0.32800	0.02698
100.00000	2.00000	20000.00000	0.00015	0.00005	0.00005	1.25000	1.00000	0.90000	0.02000	0.50000	0.50000	2000.00000	0.06050	0.01370
100.00000	2.00000	20000.00000	0.00015	0.00005	0.00050	1.50000	0.10000	0.90000	0.02000	0.50000	0.50000	2000.00000	0.32200	0.02685
100.00000	2.00000	20000.00000	0.00015	0.00005	0.00005	1.50000	1.00000	0.90000	0.02000	0.50000	0.50000	2000.00000	0.06300	0.01396
100.00000	2.00000	20000.00000	0.00022	0.00005	0.00050	1.01000	0.10000	0.90000	0.02000	0.50000	0.50000	2000.00000	0.31550	0.02671
100.00000	2.00000	20000.00000	0.00022	0.00005	0.00005	1.01000	1.00000	0.90000	0.02000	0.50000	0.50000	2000.00000	0.06200	0.01386
100.00000	2.00000	20000.00000	0.00022	0.00005	0.00050	1.25000	0.10000	0.90000	0.02000	0.50000	0.50000	2000.00000	0.31500	0.02669
100.00000	2.00000	20000.00000	0.00022	0.00005	0.00005	1.25000	1.00000	0.90000	0.02000	0.50000	0.50000	2000.00000	0.05600	0.01321
100.00000	2.00000	20000.00000	0.00022	0.00005	0.00050	1.50000	0.10000	0.90000	0.02000	0.50000	0.50000	2000.00000	0.30250	0.02640
100.00000	2.00000	20000.00000	0.00022	0.00005	0.00005	1.50000	1.00000	0.90000	0.02000	0.50000	0.50000	2000.00000	0.07100	0.01476
100.00000	2.00000	20000.00000	0.00032	0.00005	0.00050	1.01000	0.10000	0.90000	0.02000	0.50000	0.50000	2000.00000	0.31950	0.02680
100.00000	2.00000	20000.00000	0.00032	0.00005	0.00005	1.01000	1.00000	0.90000	0.02000	0.50000	0.50000	2000.00000	0.05650	0.01327
100.00000	2.00000	20000.00000	0.00032	0.00005	0.00050	1.25000	0.10000	0.90000	0.02000	0.50000	0.50000	2000.00000	0.32550	0.02693
100.00000	2.00000	20000.00000	0.00032	0.00005	0.00005	1.25000	1.00000	0.90000	0.02000	0.50000	0.50000	2000.00000	0.06050	0.01370
100.00000	2.00000	20000.00000	0.00032	0.00005	0.00050	1.50000	0.10000	0.90000	0.02000	0.50000	0.50000	2000.00000	0.29650	0.02625
100.00000	2.00000	20000.00000	0.00032	0.00005	0.00005	1.50000	1.00000	0.90000	0.02000	0.50000	0.50000	2000.00000	0.05500	0.01310
100.00000	2.00000	20000.00000	0.00046	0.00005	0.00050	1.01000	0.10000	0.90000	0.02000	0.50000	0.50000	2000.00000	0.31600	0.02672
100.00000	2.00000	20000.00000	0.00046	0.00005	0.00005	1.01000	1.00000	0.90000	0.02000	0.50000	0.50000	2000.00000	0.05700	0.01332
100.00000	2.00000	20000.00000	0.00046	0.00005	0.00050	1.25000	0.10000	0.90000	0.02000	0.50000	0.50000	2000.00000	0.33050	0.02703
100.00000	2.00000	20000.00000	0.00046	0.00005	0.00005	1.25000	1.00000	0.90000	0.02000	0.50000	0.50000	2000.00000	0.05650	0.01327
100.00000	2.00000	20000.00000	0.00046	0.00005	0.00050	1.50000	0.10000	0.90000	0.02000	0.50000	0.50000	2000.00000	0.32300	0.02687
100.00000	2.00000	20000.00000	0.00046	0.00005	0.00005	1.50000	1.00000	0.90000	0.02000	0.50000	0.50000	2000.00000	0.05800	0.01343
100.00000	2.00000	20000.00000	0.00068	0.00005	0.00050	1.01000	0.10000	0.90000	0.02000	0.50000	0.50000	2000.00000	0.31700	0.02674
100.00000	2.00000	20000.00000	0.00068	0.00005	0.00005	1.01000	1.00000	0.90000	0.02000	0.50000	0.50000	2000.00000	0.06100	0.01375
100.00000	2.00000	20000.00000	0.00068	0.00005	0.00050	1.25000	0.10000	0.90000	0.02000	0.50000	0.50000	2000.00000	0.33350	0.02709
100.00000	2.00000	20000.00000	0.00068	0.00005	0.00005	1.25000	1.00000	0.90000	0.02000	0.50000	0.50000	2000.00000	0.06150	0.01381
100.00000	2.00000	20000.00000	0.00068	0.00005	0.00050	1.50000	0.10000	0.90000	0.02000	0.50000	0.50000	2000.00000	0.33500	0.02712
100.00000	2.00000	20000.00000	0.00068	0.00005	0.00005	1.50000	1.00000	0.90000	0.02000	0.50000	0.50000	2000.00000	0.05550	0.01316
100.00000	2.00000	20000.00000	0.00100	0.00005	0.00050	1.01000	0.10000	0.90000	0.02000	0.50000	0.50000	2000.00000	0.31800	0.02676
100.00000	2.00000	20000.00000	0.00100	0.00005	0.00005	1.01000	1.00000	0.90000	0.02000	0.50000	0.50000	2000.00000	0.05700	0.01332
100.00000	2.00000	20000.00000	0.00100	0.00005	0.00050	1.25000	0.10000	0.90000	0.02000	0.50000	0.50000	2000.00000	0.30850	0.02654
100.00000	2.00000	20000.00000	0.00100	0.00005	0.00005	1.25000	1.00000	0.90000	0.02000	0.50000	0.50000	2000.00000	0.05850	0.01349
100.00000	2.00000	20000.00000	0.00100	0.00005	0.00050	1.50000	0.10000	0.90000	0.02000	0.50000	0.50000	2000.00000	0.31100	0.02660
100.00000	2.00000	20000.00000	0.00100	0.00005	0.00005	1.50000	1.00000	0.90000	0.02000	0.50000	0.50000	2000.00000	0.06000	0.01365
100.00000	2.00000	20000.00000	0.00147	0.00005	0.00050	1.01000	0.10000	0.90000	0.02000	0.50000	0.50000	2000.00000	0.33100	0.02704
100.00000	2.00000	20000.00000	0.00147	0.00005	0.00005	1.01000	1.00000	0.90000	0.02000	0.50000	0.50000	2000.00000	0.05050	0.01258
100.00000	2.00000	20000.00000	0.00147	0.00005	0.00050	1.25000	0.10000	0.90000	0.02000	0.50000	0.50000	2000.00000	0.32150	0.02684
100.00000	2.00000	20000.00000	0.00147	0.00005	0.00005	1.25000	1.00000	0.90000	0.02000	0.50000	0.50000	2000.00000	0.06250	0.01391
100.00000	2.00000	20000.00000	0.00147	0.00005	0.00050	1.50000	0.10000	0.90000	0.02000	0.50000	0.50000	2000.00000	0.32000	0.02681
100.00000	2.00000	20000.00000	0.00147	0.00005	0.00005	1.50000	1.00000	0.90000	0.02000	0.50000	0.50000	2000.00000	0.06050	0.01370
100.00000	2.00000	20000.00000	0.00215	0.00005	0.00050	1.01000	0.10000	0.90000	0.02000	0.50000	0.50000	2000.00000	0.31150	0.02661
100.00000	2.00000	20000.00000	0.00215	0.00005	0.00005	1.01000	1.00000	0.90000	0.02000	0.50000	0.50000	2000.00000	0.06000	0.01365
100.00000	2.00000	20000.00000	0.00215	0.00005	0.00050	1.25000	0.10000	0.90000	0.02000	0.50000	0.50000	2000.00000	0.31600	0.02672
100.00000	2.00000	20000.00000	0.00215	0.00005	0.00005	1.25000	1.00000	0.90000	0.02000	0.50000	0.50000	2000.00000	0.06100	0.01375
100.00000	2.00000	20000.00000	0.00215	0.00005	0.00050	1.50000	0.10000	0.90000	0.02000	0.50000	0.50000	2000.00000	0.32150	0.02684
100.00000	2.00000	20000.00000	0.00215	0.00005	0.00005	1.50000	1.00000	0.90000	0.02000	0.50000	0.50000	2000.00000	0.05800	0.01343
100.00000	2.00000	20000.00000	0.00316	0.00005	0.00050	1.01000	0.10000	0.90000	0.02000	0.50000	0.50000	2000.00000	0.30700	0.02651
100.00000	2.00000	20000.00000	0.00316	0.00005	0.00005	1.01000	1.00000	0.90000	0.02000	0.50000	0.50000	2000.00000	0.06100	0.01375
100.00000	2.00000	20000.00000	0.00316	0.00005	0.00050	1.25000	0.10000	0.90000	0.02000	0.50000	0.50000	2000.00000	0.32200	0.02685
100.00000	2.00000	20000.00000	0.00316	0.00005	0.00005	1.25000	1.00000	0.90000	0.02000	0.50000	0.50000	2000.00000	0.05900	0.01354
100.00000	2.00000	20000.00000	0.00316	0.00005	0.00050	1.50000	0.10000	0.90000	0.02000	0.50000	0.50000	2000.00000	0.32400	0.02689
100.00000	2.00000	20000.00000	0.00316	0.00005	0.00005	1.50000	1.00000	0.90000	0.02000	0.50000	0.50000	2000.00000	0.05800	0.01343
100.00000	2.00000	20000.00000	0.00464	0.00005	0.00050	1.01000	0.10000	0.90000	0.02000	0.50000	0.50000	2000.00000	0.33350	0.02709
100.00000	2.00000	20000.00000	0.00464	0.00005	0.00005	1.01000	1.00000	0.90000	0.02000	0.50000	0.50000	2000.00000	0.04950	0.01247
100.00000	2.00000	20000.00000	0.00464	0.00005	0.00050	1.25000	0.10000	0.90000	0.02000	0.50000	0.50000	2000.00000	0.32850	0.02699
100.00000	2.00000	20000.00000	0.00464	0.00005	0.00005	1.25000	1.00000	0.90000	0.02000	0.50000	0.50000	2000.00000	0.05600	0.01321
100.00000	2.00000	20000.00000	0.00464	0.00005	0.00050	1.50000	0.10000	0.90000	0.02000	0.50000	0.50000	2000.00000	0.33250	0.02707
100.00000	2.00000	20000.00000	0.00464	0.00005	0.00005	1.50000	1.00000	0.90000	0.02000	0.50000	0.50000	2000.00000	0.05550	0.01316
100.00000	2.00000	20000.00000	0.00681	0.00005	0.00050	1.01000	0.10000	0.90000	0.02000	0.50000	0.50000	2000.00000	0.30350	0.02642
100.00000	2.00000	20000.00000	0.00681	0.00005	0.00005	1.01000	1.00000	0.90000	0.02000	0.50000	0.50000	2000.00000	0.04600	0.01204
100.00000	2.00000	20000.00000	0.00681	0.00005	0.00050	1.25000	0.10000	0.90000	0.02000	0.50000	0.50000	2000.00000	0.33600	0.02714
100.00000	2.00000	20000.00000	0.00681	0.00005	0.00005	1.25000	1.00000	0.90000	0.02000	0.50000	0.50000	2000.00000	0.04900	0.01241
100.00000	2.00000	20000.00000	0.00681	0.00005	0.00050	1.50000	0.10000	0.90000	0.02000	0.50000	0.50000	2000.00000	0.33250	0.02707
100.00000	2.00000	20000.00000	0.00681	0.00005	0.00005	1.50000	1.00000	0.90000	0.02000	0.50000	0.50000	2000.00000	0.05650	0.01327
100.00000	2.00000	20000.00000	0.01000	0.00005	0.00050	1.01000	0.10000	0.90000	0.02000	0.50000	0.50000	2000.00000	0.32800	0.02698
100.00000	2.00000	20000.00000	0.01000	0.00005	0.00005	1.01000	1.00000	0.90000	0.02000	0.50000	0.50000	2000.00000	0.05300	0.01287
100.00000	2.00000	20000.00000	0.01000	0.00005	0.00050	1.25000	0.10000	0.90000	0.02000	0.50000	0.50000	2000.00000	0.33450	0.02711
100.00000	2.00000	20000.00000	0.01000	0.00005	0.00005	1.25000	1.00000	0.90000	0.02000	0.50000	0.50000	2000.00000	0.05950	0.01359
100.00000	2.00000	20000.00000	0.01000	0.00005	0.00050	1.50000	0.10000	0.90000	0.02000	0.50000	0.50000	2000.00000	0.35750	0.02754
100.00000	2.00000	20000.00000	0.01000	0.00005	0.00005	1.50000	1.00000	0.90000	0.02000	0.50000	0.50000	2000.00000	0.06200	0.01386
100.00000	2.00000	20000.00000	0.01468	0.00005	0.00050	1.01000	0.10000	0.90000	0.02000	0.50000	0.50000	2000.00000	0.28100	0.02583
100.00000	2.00000	20000.00000	0.01468	0.00005	0.00005	1.01000	1.00000	0.90000	0.02000	0.50000	0.50000	2000.00000	0.04450	0.01185
100.00000	2.00000	20000.00000	0.01468	0.00005	0.00050	1.25000	0.10000	0.90000	0.02000	0.50000	0.50000	2000.00000	0.34300	0.02728
100.00000	2.00000	20000.00000	0.01468	0.00005	0.00005	1.25000	1.00000	0.90000	0.02000	0.50000	0.50000	2000.00000	0.05050	0.01258
100.00000	2.00000	20000.00000	0.01468	0.00005	0.00050	1.50000	0.10000	0.90000	0.02000	0.50000	0.50000	2000.00000	0.37450	0.02781
100.00000	2.00000	20000.00000	0.01468	0.00005	0.00005	1.50000	1.00000	0.90000	0.02000	0.50000	0.50000	2000.00000	0.05650	0.01327
100.00000	2.00000	20000.00000	0.02154	0.00005	0.00050	1.01000	0.10000	0.90000	0.02000	0.50000	0.50000	2000.00000	0.28000	0.02580
100.00000	2.00000	20000.00000	0.02154	0.00005	0.00005	1.01000	1.00000	0.90000	0.02000	0.50000	0.50000	2000.00000	0.04900	0.01241
100.00000	2.00000	20000.00000	0.02154	0.00005	0.00050	1.25000	0.10000	0.90000	0.02000	0.50000	0.50000	2000.00000	0.33350	0.02709
100.00000	2.00000	20000.00000	0.02154	0.00005	0.00005	1.25000	1.00000	0.90000	0.02000	0.50000	0.50000	2000.00000	0.05700	0.01332
100.00000	2.00000	20000.00000	0.02154	0.00005	0.00050	1.50000	0.10000	0.90000	0.02000	0.50000	0.50000	2000.00000	0.36650	0.02769
100.00000	2.00000	20000.00000	0.02154	0.00005	0.00005	1.50000	1.00000	0.90000	0.02000	0.50000	0.50000	2000.00000	0.06100	0.01375
100.00000	2.00000	20000.00000	0.03162	0.00005	0.00050	1.01000	0.10000	0.90000	0.02000	0.50000	0.50000	2000.00000	0.22950	0.02417
100.00000	2.00000	20000.00000	0.03162	0.00005	0.00005	1.01000	1.00000	0.90000	0.02000	0.50000	0.50000	2000.00000	0.03800	0.01099
100.00000	2.00000	20000.00000	0.03162	0.00005	0.00050	1.25000	0.10000	0.90000	0.02000	0.50000	0.50000	2000.00000	0.37500	0.02782
100.00000	2.00000	20000.00000	0.03162	0.00005	0.00005	1.25000	1.00000	0.90000	0.02000	0.50000	0.50000	2000.00000	0.05800	0.01343
100.00000	2.00000	20000.00000	0.03162	0.00005	0.00050	1.50000	0.10000	0.90000	0.02000	0.50000	0.50000	2000.00000	0.38700	0.02799
100.00000	2.00000	20000.00000	0.03162	0.00005	0.00005	1.50000	1.00000	0.90000	0.02000	0.50000	0.50000	2000.00000	0.05200	0.01276
100.00000	2.00000	20000.00000	0.04642	0.00005	0.00050	1.01000	0.10000	0.90000	0.02000	0.50000	0.50000	2000.00000	0.18900	0.02250
100.00000	2.00000	20000.00000	0.04642	0.00005	0.00005	1.01000	1.00000	0.90000	0.02000	0.50000	0.50000	2000.00000	0.02350	0.00871
100.00000	2.00000	20000.00000	0.04642	0.00005	0.00050	1.25000	0.10000	0.90000	0.02000	0.50000	0.50000	2000.00000	0.39350	0.02807
100.00000	2.00000	20000.00000	0.04642	0.00005	0.00005	1.25000	1.00000	0.90000	0.02000	0.50000	0.50000	2000.00000	0.04550	0.01198
100.00000	2.00000	20000.00000	0.04642	0.00005	0.00050	1.50000	0.10000	0.90000	0.02000	0.50000	0.50000	2000.00000	0.42300	0.02839
100.00000	2.00000	20000.00000	0.04642	0.00005	0.00005	1.50000	1.00000	0.90000	0.02000	0.50000	0.50000	2000.00000	0.05300	0.01287
100.00000	2.00000	20000.00000	0.06813	0.00005	0.00050	1.01000	0.10000	0.90000	0.02000	0.50000	0.50000	2000.00000	0.13050	0.01936
100.00000	2.00000	20000.00000	0.06813	0.00005	0.00005	1.01000	1.00000	0.90000	0.02000	0.50000	0.50000	2000.00000	0.01450	0.00687
100.00000	2.00000	20000.00000	0.06813	0.00005	0.00050	1.25000	0.10000	0.90000	0.02000	0.50000	0.50000	2000.00000	0.39950	0.02815
100.00000	2.00000	20000.00000	0.06813	0.00005	0.00005	1.25000	1.00000	0.90000	0.02000	0.50000	0.50000	2000.00000	0.04500	0.01191
100.00000	2.00000	20000.00000	0.06813	0.00005	0.00050	1.50000	0.10000	0.90000	0.02000	0.50000	0.50000	2000.00000	0.44150	0.02854
100.00000	2.00000	20000.00000	0.06813	0.00005	0.00005	1.50000	1.00000	0.90000	0.02000	0.50000	0.50000	2000.00000	0.03750	0.01092
100.00000	2.00000	20000.00000	0.10000	0.00005	0.00050	1.01000	0.10000	0.90000	0.02000	0.50000	0.50000	2000.00000	0.07350	0.01500
100.00000	2.00000	20000.00000	0.10000	0.00005	0.00005	1.01000	1.00000	0.90000	0.02000	0.50000	0.50000	2000.00000	0.00400	0.00363
100.00000	2.00000	20000.00000	0.10000	0.00005	0.00050	1.25000	0.10000	0.90000	0.02000	0.50000	0.50000	2000.00000	0.43300	0.02847
100.00000	2.00000	20000.00000	0.10000	0.00005	0.00005	1.25000	1.00000	0.90000	0.02000	0.50000	0.50000	2000.00000	0.04200	0.01153
100.00000	2.00000	20000.00000	0.10000	0.00005	0.00050	1.50000	0.10000	0.90000	0.02000	0.50000	0.50000	2000.00000	0.48950	0.02873
100.00000	2.00000	20000.00000	0.10000	0.00005	0.00005	1.50000	1.00000	0.90000	0.02000	0.50000	0.50000	2000.00000	0.03900	0.01113
100.00000	2.00000	20000.00000	0.14678	0.00005	0.00050	1.01000	0.10000	0.90000	0.02000	0.50000	0.50000	2000.00000	0.04350	0.01172
100.00000	2.00000	20000.00000	0.14678	0.00005	0.00005	1.01000	1.00000	0.90000	0.02000	0.50000	0.50000	2000.00000	0.00050	0.00128
100.00000	2.00000	20000.00000	0.14678	0.00005	0.00050	1.25000	0.10000	0.90000	0.02000	0.50000	0.50000	2000.00000	0.51700	0.02872
100.00000	2.00000	20000.00000	0.14678	0.00005	0.00005	1.25000	1.00000	0.90000	0.02000	0.50000	0.50000	2000.00000	0.03450	0.01049
100.00000	2.00000	20000.00000	0.14678	0.00005	0.00050	1.50000	0.10000	0.90000	0.02000	0.50000	0.50000	2000.00000	0.60400	0.02811
100.00000	2.00000	20000.00000	0.14678	0.00005	0.00005	1.50000	1.00000	0.90000	0.02000	0.50000	0.50000	2000.00000	0.04050	0.01133
100.00000	2.00000	20000.00000	0.21544	0.00005	0.00050	1.01000	0.10000	0.90000	0.02000	0.50000	0.50000	2000.00000	0.02600	0.00915
100.00000	2.00000	20000.00000	0.21544	0.00005	0.00005	1.01000	1.00000	0.90000	0.02000	0.50000	0.50000	2000.00000	0.00000	0.00000
100.00000	2.00000	20000.00000	0.21544	0.00005	0.00050	1.25000	0.10000	0.90000	0.02000	0.50000	0.50000	2000.00000	0.67550	0.02691
100.00000	2.00000	20000.00000	0.21544	0.00005	0.00005	1.25000	1.00000	0.90000	0.02000	0.50000	0.50000	2000.00000	0.02650	0.00923
100.00000	2.00000	20000.00000	0.21544	0.00005	0.00050	1.50000	0.10000	0.90000	0.02000	0.50000	0.50000	2000.00000	0.77750	0.02390
100.00000	2.00000	20000.00000	0.21544	0.00005	0.00005	1.50000	1.00000	0.90000	0.02000	0.50000	0.50000	2000.00000	0.03900	0.01113
100.00000	2.00000	20000.00000	0.31623	0.00005	0.00050	1.01000	0.10000	0.90000	0.02000	0.50000	0.50000	2000.00000	0.01900	0.00785
100.00000	2.00000	20000.00000	0.31623	0.00005	0.00005	1.01000	1.00000	0.90000	0.02000	0.50000	0.50000	2000.00000	0.00000	0.00000
100.00000	2.00000	20000.00000	0.31623	0.00005	0.00050	1.25000	0.10000	0.90000	0.02000	0.50000	0.50000	2000.00000	0.79550	0.02318
100.00000	2.00000	20000.00000	0.31623	0.00005	0.00005	1.25000	1.00000	0.90000	0.02000	0.50000	0.50000	2000.00000	0.01050	0.00586
100.00000	2.00000	20000.00000	0.31623	0.00005	0.00050	1.50000	0.10000	0.90000	0.02000	0.50000	0.50000	2000.00000	0.94650	0.01293
100.00000	2.00000	20000.00000	0.31623	0.00005	0.00005	1.50000	1.00000	0.90000	0.02000	0.50000	0.50000	2000.00000	0.03150	0.01004
100.00000	2.00000	20000.00000	0.46416	0.00005	0.00050	1.01000	0.10000	0.90000	0.02000	0.50000	0.50000	2000.00000	0.01350	0.00663
100.00000	2.00000	20000.00000	0.46416	0.00005	0.00005	1.01000	1.00000	0.90000	0.02000	0.50000	0.50000	2000.00000	0.00000	0.00000
100.00000	2.00000	20000.00000	0.46416	0.00005	0.00050	1.25000	0.10000	0.90000	0.02000	0.50000	0.50000	2000.00000	0.72800	0.02557
100.00000	2.00000	20000.00000	0.46416	0.00005	0.00005	1.25000	1.00000	0.90000	0.02000	0.50000	0.50000	2000.00000	0.00000	0.00000
100.00000	2.00000	20000.00000	0.46416	0.00005	0.00050	1.50000	0.10000	0.90000	0.02000	0.50000	0.50000	2000.00000	0.98250	0.00754
100.00000	2.00000	20000.00000	0.46416	0.00005	0.00005	1.50000	1.00000	0.90000	0.02000	0.50000	0.50000	2000.00000	0.01800	0.00764
100.00000	2.00000	20000.00000	0.68129	0.00005	0.00050	1.01000	0.10000	0.90000	0.02000	0.50000	0.50000	2000.00000	0.00950	0.00557
100.00000	2.00000	20000.00000	0.68129	0.00005	0.00005	1.01000	1.00000	0.90000	0.02000	0.50000	0.50000	2000.00000	0.00000	0.00000
100.00000	2.00000	20000.00000	0.68129	0.00005	0.00050	1.25000	0.10000	0.90000	0.02000	0.50000	0.50000	2000.00000	0.72750	0.02559
100.00000	2.00000	20000.00000	0.68129	0.00005	0.00005	1.25000	1.00000	0.90000	0.02000	0.50000	0.50000	2000.00000	0.00000	0.00000
100.00000	2.00000	20000.00000	0.68129	0.00005	0.00050	1.50000	0.10000	0.90000	0.02000	0.50000	0.50000	2000.00000	0.95250	0.01222
100.00000	2.00000	20000.00000	0.68129	0.00005	0.00005	1.50000	1.00000	0.90000	0.02000	0.50000	0.50000	2000.00000	0.00400	0.00363
100.00000	2.00000	20000.00000	1.00000	0.00005	0.00050	1.01000	0.10000	0.90000	0.02000	0.50000	0.50000	2000.00000	0.00650	0.00462
100.00000	2.00000	20000.00000	1.00000	0.00005	0.00005	1.01000	1.00000	0.90000	0.02000	0.50000	0.50000	2000.00000	0.00000	0.00000
100.00000	2.00000	20000.00000	1.00000	0.00005	0.00050	1.25000	0.10000	0.90000	0.02000	0.50000	0.50000	2000.00000	0.71950	0.02582
100.00000	2.00000	20000.00000	1.00000	0.00005	0.00005	1.25000	1.00000	0.90000	0.02000	0.50000	0.50000	2000.00000	0.00000	0.00000
100.00000	2.00000	20000.00000	1.00000	0.00005	0.00050	1.50000	0.10000	0.90000	0.02000	0.50000	0.50000	2000.00000	0.93150	0.01452
100.00000	2.00000	20000.00000	1.00000	0.00005	0.00005	1.50000	1.00000	0.90000	0.02000	0.50000	0.50000	2000.00000	0.00000	0.00000
500.00000	2.00000	20000.00000	0.00010	0.00005	0.00050	1.01000	0.10000	0.90000	0.02000	0.50000	0.50000	2000.00000	0.33300	0.02708
500.00000	2.00000	20000.00000	0.00010	0.00005	0.00005	1.01000	1.00000	0.90000	0.02000	0.50000	0.50000	2000.00000	0.05500	0.01310
500.00000	2.00000	20000.00000	0.00010	0.00005	0.00050	1.25000	0.10000	0.90000	0.02000	0.50000	0.50000	2000.00000	0.31050	0.02659
500.00000	2.00000	20000.00000	0.00010	0.00005	0.00005	1.25000	1.00000	0.90000	0.02000	0.50000	0.50000	2000.00000	0.05850	0.01349
500.00000	2.00000	20000.00000	0.00010	0.00005	0.00050	1.50000	0.10000	0.90000	0.02000	0.50000	0.50000	2000.00000	0.34200	0.02726
500.00000	2.00000	20000.00000	0.00010	0.00005	0.00005	1.50000	1.00000	0.90000	0.02000	0.50000	0.50000	2000.00000	0.06000	0.01365
500.00000	2.00000	20000.00000	0.00015	0.00005	0.00050	1.01000	0.10000	0.90000	0.02000	0.50000	0.50000	2000.00000	0.31050	0.02659
500.00000	2.00000	20000.00000	0.00015	0.00005	0.00005	1.01000	1.00000	0.90000	0.02000	0.50000	0.50000	2000.00000	0.05950	0.01359
500.00000	2.00000	20000.00000	0.00015	0.00005	0.00050	1.25000	0.10000	0.90000	0.02000	0.50000	0.50000	2000.00000	0.30850	0.02654
500.00000	2.00000	20000.00000	0.00015	0.00005	0.00005	1.25000	1.00000	0.90000	0.02000	0.50000	0.50000	2000.00000	0.06250	0.01391
500.00000	2.00000	20000.00000	0.00015	0.00005	0.00050	1.50000	0.10000	0.90000	0.02000	0.50000	0.50000	2000.00000	0.34100	0.02724
500.00000	2.00000	20000.00000	0.00015	0.00005	0.00005	1.50000	1.00000	0.90000	0.02000	0.50000	0.50000	2000.00000	0.06500	0.01417
500.00000	2.00000	20000.00000	0.00022	0.00005	0.00050	1.01000	0.10000	0.90000	0.02000	0.50000	0.50000	2000.00000	0.30650	0.02649
500.00000	2.00000	20000.00000	0.00022	0.00005	0.00005	1.01000	1.00000	0.90000	0.02000	0.50000	0.50000	2000.00000	0.05850	0.01349
500.00000	2.00000	20000.00000	0.00022	0.00005	0.00050	1.25000	0.10000	0.90000	0.02000	0.50000	0.50000	2000.00000	0.31300	0.02665
500.00000	2.00000	20000.00000	0.00022	0.00005	0.00005	1.25000	1.00000	0.90000	0.02000	0.50000	0.50000	2000.00000	0.06050	0.01370
500.00000	2.00000	20000.00000	0.00022	0.00005	0.00050	1.50000	0.10000	0.90000	0.02000	0.50000	0.50000	2000.00000	0.32000	0.02681
500.00000	2.00000	20000.00000	0.00022	0.00005	0.00005	1.50000	1.00000	0.90000	0.02000	0.50000	0.50000	2000.00000	0.05350	0.01293
500.00000	2.00000	20000.00000	0.00032	0.00005	0.00050	1.01000	0.10000	0.90000	0.02000	0.50000	0.50000	2000.00000	0.32900	0.02700
500.00000	2.00000	20000.00000	0.00032	0.00005	0.00005	1.01000	1.00000	0.90000	0.02000	0.50000	0.50000	2000.00000	0.05450	0.01305
500.00000	2.00000	20000.00000	0.00032	0.00005	0.00050	1.25000	0.10000	0.90000	0.02000	0.50000	0.50000	2000.00000	0.33400	0.02710
500.00000	2.00000	20000.00000	0.00032	0.00005	0.00005	1.25000	1.00000	0.90000	0.02000	0.50000	0.50000	2000.00000	0.06000	0.01365
500.00000	2.00000	20000.00000	0.00032	0.00005	0.00050	1.50000	0.10000	0.90000	0.02000	0.50000	0.50000	2000.00000	0.32000	0.02681
500.00000	2.00000	20000.00000	0.00032	0.00005	0.00005	1.50000	1.00000	0.90000	0.02000	0.50000	0.50000	2000.00000	0.06000	0.01365
500.00000	2.00000	20000.00000	0.00046	0.00005	0.00050	1.01000	0.10000	0.90000	0.02000	0.50000	0.50000	2000.00000	0.33550	0.02713
500.00000	2.00000	20000.00000	0.00046	0.00005	0.00005	1.01000	1.00000	0.90000	0.02000	0.50000	0.50000	2000.00000	0.06000	0.01365
500.00000	2.00000	20000.00000	0.00046	0.00005	0.00050	1.25000	0.10000	0.90000	0.02000	0.50000	0.50000	2000.00000	0.33550	0.02713
500.00000	2.00000	20000.00000	0.00046	0.00005	0.00005	1.25000	1.00000	0.90000	0.02000	0.50000	0.50000	2000.00000	0.05750	0.01338
500.00000	2.00000	20000.00000	0.00046	0.00005	0.00050	1.50000	0.10000	0.90000	0.02000	0.50000	0.50000	2000.00000	0.32650	0.02695
500.00000	2.00000	20000.00000	0.00046	0.00005	0.00005	1.50000	1.00000	0.90000	0.02000	0.50000	0.50000	2000.00000	0.05700	0.01332
500.00000	2.00000	20000.00000	0.00068	0.00005	0.00050	1.01000	0.10000	0.90000	0.02000	0.50000	0.50000	2000.00000	0.33000	0.02702
500.00000	2.00000	20000.00000	0.00068	0.00005	0.00005	1.01000	1.00000	0.90000	0.02000	0.50000	0.50000	2000.00000	0.05500	0.01310
500.00000	2.00000	20000.00000	0.00068	0.00005	0.00050	1.25000	0.10000	0.90000	0.02000	0.50000	0.50000	2000.00000	0.34650	0.02735
500.00000	2.00000	20000.00000	0.00068	0.00005	0.00005	1.25000	1.00000	0.90000	0.02000	0.50000	0.50000	2000.00000	0.06950	0.01461
500.00000	2.00000	20000.00000	0.00068	0.00005	0.00050	1.50000	0.10000	0.90000	0.02000	0.50000	0.50000	2000.00000	0.34850	0.02738
500.00000	2.00000	20000.00000	0.00068	0.00005	0.00005	1.50000	1.00000	0.90000	0.02000	0.50000	0.50000	2000.00000	0.06400	0.01407
500.00000	2.00000	20000.00000	0.00100	0.00005	0.00050	1.01000	0.10000	0.90000	0.02000	0.50000	0.50000	2000.00000	0.31300	0.02665
500.00000	2.00000	20000.00000	0.00100	0.00005	0.00005	1.01000	1.00000	0.90000	0.02000	0.50000	0.50000	2000.00000	0.07200	0.01485
500.00000	2.00000	20000.00000	0.00100	0.00005	0.00050	1.25000	0.10000	0.90000	0.02000	0.50000	0.50000	2000.00000	0.35000	0.02741
500.00000	2.00000	20000.00000	0.00100	0.00005	0.00005	1.25000	1.00000	0.90000	0.02000	0.50000	0.50000	2000.00000	0.05650	0.01327
500.00000	2.00000	20000.00000	0.00100	0.00005	0.00050	1.50000	0.10000	0.90000	0.02000	0.50000	0.50000	2000.00000	0.33050	0.02703
500.00000	2.00000	20000.00000	0.00100	0.00005	0.00005	1.50000	1.00000	0.90000	0.02000	0.50000	0.50000	2000.00000	0.06950	0.01461
500.00000	2.00000	20000.00000	0.00147	0.00005	0.00050	1.01000	0.10000	0.90000	0.02000	0.50000	0.50000	2000.00000	0.34500	0.02732
500.00000	2.00000	20000.00000	0.00147	0.00005	0.00005	1.01000	1.00000	0.90000	0.02000	0.50000	0.50000	2000.00000	0.06150	0.01381
500.00000	2.00000	20000.00000	0.00147	0.00005	0.00050	1.25000	0.10000	0.90000	0.02000	0.50000	0.50000	2000.00000	0.34600	0.02734
500.00000	2.00000	20000.00000	0.00147	0.00005	0.00005	1.25000	1.00000	0.90000	0.02000	0.50000	0.50000	2000.00000	0.06450	0.01412
500.00000	2.00000	20000.00000	0.00147	0.00005	0.00050	1.50000	0.10000	0.90000	0.02000	0.50000	0.50000	2000.00000	0.36200	0.02762
500.00000	2.00000	20000.00000	0.00147	0.00005	0.00005	1.50000	1.00000	0.90000	0.02000	0.50000	0.50000	2000.00000	0.05850	0.01349
500.00000	2.00000	20000.00000	0.00215	0.00005	0.00050	1.01000	0.10000	0.90000	0.02000	0.50000	0.50000	2000.00000	0.35200	0.02745
500.00000	2.00000	20000.00000	0.00215	0.00005	0.00005	1.01000	1.00000	0.90000	0.02000	0.50000	0.50000	2000.00000	0.06150	0.01381
500.00000	2.00000	20000.00000	0.00215	0.00005	0.00050	1.25000	0.10000	0.90000	0.02000	0.50000	0.50000	2000.00000	0.37400	0.02781
500.00000	2.00000	20000.00000	0.00215	0.00005	0.00005	1.25000	1.00000	0.90000	0.02000	0.50000	0.50000	2000.00000	0.06200	0.01386
500.00000	2.00000	20000.00000	0.00215	0.00005	0.00050	1.50000	0.10000	0.90000	0.02000	0.50000	0.50000	2000.00000	0.37350	0.02780
500.00000	2.00000	20000.00000	0.00215	0.00005	0.00005	1.50000	1.00000	0.90000	0.02000	0.50000	0.50000	2000.00000	0.06950	0.01461
500.00000	2.00000	20000.00000	0.00316	0.00005	0.00050	1.01000	0.10000	0.90000	0.02000	0.50000	0.50000	2000.00000	0.35600	0.02752
500.00000	2.00000	20000.00000	0.00316	0.00005	0.00005	1.01000	1.00000	0.90000	0.02000	0.50000	0.50000	2000.00000	0.06200	0.01386
500.00000	2.00000	20000.00000	0.00316	0.00005	0.00050	1.25000	0.10000	0.90000	0.02000	0.50000	0.50000	2000.00000	0.41400	0.02831
500.00000	2.00000	20000.00000	0.00316	0.00005	0.00005	1.25000	1.00000	0.90000	0.02000	0.50000	0.50000	2000.00000	0.07500	0.01514
500.00000	2.00000	20000.00000	0.00316	0.00005	0.00050	1.50000	0.10000	0.90000	0.02000	0.50000	0.50000	2000.00000	0.39850	0.02814
500.00000	2.00000	20000.00000	0.00316	0.00005	0.00005	1.50000	1.00000	0.90000	0.02000	0.50000	0.50000	2000.00000	0.06050	0.01370
500.00000	2.00000	20000.00000	0.00464	0.00005	0.00050	1.01000	0.10000	0.90000	0.02000	0.50000	0.50000	2000.00000	0.38250	0.02793
500.00000	2.00000	20000.00000	0.00464	0.00005	0.00005	1.01000	1.00000	0.90000	0.02000	0.50000	0.50000	2000.00000	0.06750	0.01442
500.00000	2.00000	20000.00000	0.00464	0.00005	0.00050	1.25000	0.10000	0.90000	0.02000	0.50000	0.50000	2000.00000	0.43400	0.02848
500.00000	2.00000	20000.00000	0.00464	0.00005	0.00005	1.25000	1.00000	0.90000	0.02000	0.50000	0.50000	2000.00000	0.07800	0.01541
500.00000	2.00000	20000.00000	0.00464	0.00005	0.00050	1.50000	0.10000	0.90000	0.02000	0.50000	0.50000	2000.00000	0.41650	0.02833
500.00000	2.00000	20000.00000	0.00464	0.00005	0.00005	1.50000	1.00000	0.90000	0.02000	0.50000	0.50000	2000.00000	0.07750	0.01537
500.00000	2.00000	20000.00000	0.00681	0.00005	0.00050	1.01000	0.10000	0.90000	0.02000	0.50000	0.50000	2000.00000	0.39850	0.02814
500.00000	2.00000	20000.00000	0.00681	0.00005	0.00005	1.01000	1.00000	0.90000	0.02000	0.50000	0.50000	2000.00000	0.06600	0.01427
500.00000	2.00000	20000.00000	0.00681	0.00005	0.00050	1.25000	0.10000	0.90000	0.02000	0.50000	0.50000	2000.00000	0.46950	0.02868
500.00000	2.00000	20000.00000	0.00681	0.00005	0.00005	1.25000	1.00000	0.90000	0.02000	0.50000	0.50000	2000.00000	0.08150	0.01572
500.00000	2.00000	20000.00000	0.00681	0.00005	0.00050	1.50000	0.10000	0.90000	0.02000	0.50000	0.50000	2000.00000	0.46900	0.02868
500.00000	2.00000	20000.00000	0.00681	0.00005	0.00005	1.50000	1.00000	0.90000	0.02000	0.50000	0.50000	2000.00000	0.07800	0.01541
500.00000	2.00000	20000.00000	0.01000	0.00005	0.00050	1.01000	0.10000	0.90000	0.02000	0.50000	0.50000	2000.00000	0.39300	0.02807
500.00000	2.00000	20000.00000	0.01000	0.00005	0.00005	1.01000	1.00000	0.90000	0.02000	0.50000	0.50000	2000.00000	0.06700	0.01437
500.00000	2.00000	20000.00000	0.01000	0.00005	0.00050	1.25000	0.10000	0.90000	0.02000	0.50000	0.50000	2000.00000	0.50550	0.02873
500.00000	2.00000	20000.00000	0.01000	0.00005	0.00005	1.25000	1.00000	0.90000	0.02000	0.50000	0.50000	2000.00000	0.08850	0.01632
500.00000	2.00000	20000.00000	0.01000	0.00005	0.00050	1.50000	0.10000	0.90000	0.02000	0.50000	0.50000	2000.00000	0.50350	0.02873
500.00000	2.00000	20000.00000	0.01000	0.00005	0.00005	1.50000	1.00000	0.90000	0.02000	0.50000	0.50000	2000.00000	0.09850	0.01712
500.00000	2.00000	20000.00000	0.01468	0.00005	0.00050	1.01000	0.10000	0.90000	0.02000	0.50000	0.50000	2000.00000	0.32050	0.02682
500.00000	2.00000	20000.00000	0.01468	0.00005	0.00005	1.01000	1.00000	0.90000	0.02000	0.50000	0.50000	2000.00000	0.05550	0.01316
500.00000	2.00000	20000.00000	0.01468	0.00005	0.00050	1.25000	0.10000	0.90000	0.02000	0.50000	0.50000	2000.00000	0.55600	0.02855
500.00000	2.00000	20000.00000	0.01468	0.00005	0.00005	1.25000	1.00000	0.90000	0.02000	0.50000	0.50000	2000.00000	0.08800	0.01628
500.00000	2.00000	20000.00000	0.01468	0.00005	0.00050	1.50000	0.10000	0.90000	0.02000	0.50000	0.50000	2000.00000	0.55600	0.02855
500.00000	2.00000	20000.00000	0.01468	0.00005	0.00005	1.50000	1.00000	0.90000	0.02000	0.50000	0.50000	2000.00000	0.08650	0.01615
500.00000	2.00000	20000.00000	0.02154	0.00005	0.00050	1.01000	0.10000	0.90000	0.02000	0.50000	0.50000	2000.00000	0.26050	0.02522
500.00000	2.00000	20000.00000	0.02154	0.00005	0.00005	1.01000	1.00000	0.90000	0.02000	0.50000	0.50000	2000.00000	0.03800	0.01099
500.00000	2.00000	20000.00000	0.02154	0.00005	0.00050	1.25000	0.10000	0.90000	0.02000	0.50000	0.50000	2000.00000	0.57000	0.02845
500.00000	2.00000	20000.00000	0.02154	0.00005	0.00005	1.25000	1.00000	0.90000	0.02000	0.50000	0.50000	2000.00000	0.09100	0.01653
500.00000	2.00000	20000.00000	0.02154	0.00005	0.00050	1.50000	0.10000	0.90000	0.02000	0.50000	0.50000	2000.00000	0.59700	0.02819
500.00000	2.00000	20000.00000	0.02154	0.00005	0.00005	1.50000	1.00000	0.90000	0.02000	0.50000	0.50000	2000.00000	0.09350	0.01673
500.00000	2.00000	20000.00000	0.03162	0.00005	0.00050	1.01000	0.10000	0.90000	0.02000	0.50000	0.50000	2000.00000	0.15500	0.02080
500.00000	2.00000	20000.00000	0.03162	0.00005	0.00005	1.01000	1.00000	0.90000	0.02000	0.50000	0.50000	2000.00000	0.01800	0.00764
500.00000	2.00000	20000.00000	0.03162	0.00005	0.00050	1.25000	0.10000	0.90000	0.02000	0.50000	0.50000	2000.00000	0.58750	0.02829
500.00000	2.00000	20000.00000	0.03162	0.00005	0.00005	1.25000	1.00000	0.90000	0.02000	0.50000	0.50000	2000.00000	0.07600	0.01523
500.00000	2.00000	20000.00000	0.03162	0.00005	0.00050	1.50000	0.10000	0.90000	0.02000	0.50000	0.50000	2000.00000	0.60850	0.02805
500.00000	2.00000	20000.00000	0.03162	0.00005	0.00005	1.50000	1.00000	0.90000	0.02000	0.50000	0.50000	2000.00000	0.08200	0.01577
500.00000	2.00000	20000.00000	0.04642	0.00005	0.00050	1.01000	0.10000	0.90000	0.02000	0.50000	0.50000	2000.00000	0.05750	0.01338
500.00000	2.00000	20000.00000	0.04642	0.00005	0.00005	1.01000	1.00000	0.90000	0.02000	0.50000	0.50000	2000.00000	0.00300	0.00314
500.00000	2.00000	20000.00000	0.04642	0.00005	0.00050	1.25000	0.10000	0.90000	0.02000	0.50000	0.50000	2000.00000	0.55600	0.02855
500.00000	2.00000	20000.00000	0.04642	0.00005	0.00005	1.25000	1.00000	0.90000	0.02000	0.50000	0.50000	2000.00000	0.05050	0.01258
500.00000	2.00000	20000.00000	0.04642	0.00005	0.00050	1.50000	0.10000	0.90000	0.02000	0.50000	0.50000	2000.00000	0.56850	0.02846
500.00000	2.00000	20000.00000	0.04642	0.00005	0.00005	1.50000	1.00000	0.90000	0.02000	0.50000	0.50000	2000.00000	0.06600	0.01427
500.00000	2.00000	20000.00000	0.06813	0.00005	0.00050	1.01000	0.10000	0.90000	0.02000	0.50000	0.50000	2000.00000	0.00800	0.00512
500.00000	2.00000	20000.00000	0.06813	0.00005	0.00005	1.01000	1.00000	0.90000	0.02000	0.50000	0.50000	2000.00000	0.00000	0.00000
500.00000	2.00000	20000.00000	0.06813	0.00005	0.00050	1.25000	0.10000	0.90000	0.02000	0.50000	0.50000	2000.00000	0.52950	0.02868
500.00000	2.00000	20000.00000	0.06813	0.00005	0.00005	1.25000	1.00000	0.90000	0.02000	0.50000	0.50000	2000.00000	0.04400	0.01179
500.00000	2.00000	20000.00000	0.06813	0.00005	0.00050	1.50000	0.10000	0.90000	0.02000	0.50000	0.50000	2000.00000	0.53850	0.02865
500.00000	2.00000	20000.00000	0.06813	0.00005	0.00005	1.50000	1.00000	0.90000	0.02000	0.50000	0.50000	2000.00000	0.04300	0.01166
500.00000	2.00000	20000.00000	0.10000	0.00005	0.00050	1.01000	0.10000	0.90000	0.02000	0.50000	0.50000	2000.00000	0.00050	0.00128
500.00000	2.00000	20000.00000	0.10000	0.00005	0.00005	1.01000	1.00000	0.90000	0.02000	0.50000	0.50000	2000.00000	0.00000	0.00000
500.00000	2.00000	20000.00000	0.10000	0.00005	0.00050	1.25000	0.10000	0.90000	0.02000	0.50000	0.50000	2000.00000	0.54250	0.02863
500.00000	2.00000	20000.00000	0.10000	0.00005	0.00005	1.25000	1.00000	0.90000	0.02000	0.50000	0.50000	2000.00000	0.03850	0.01106
500.00000	2.00000	20000.00000	0.10000	0.00005	0.00050	1.50000	0.10000	0.90000	0.02000	0.50000	0.50000	2000.00000	0.59000	0.02826
500.00000	2.00000	20000.00000	0.10000	0.00005	0.00005	1.50000	1.00000	0.90000	0.02000	0.50000	0.50000	2000.00000	0.04500	0.01191
500.00000	2.00000	20000.00000	0.14678	0.00005	0.00050	1.01000	0.10000	0.90000	0.02000	0.50000	0.50000	2000.00000	0.00000	0.00000
500.00000	2.00000	20000.00000	0.14678	0.00005	0.00005	1.01000	1.00000	0.90000	0.02000	0.50000	0.50000	2000.00000	0.00000	0.00000
500.00000	2.00000	20000.00000	0.14678	0.00005	0.00050	1.25000	0.10000	0.90000	0.02000	0.50000	0.50000	2000.00000	0.70800	0.02613
500.00000	2.00000	20000.00000	0.14678	0.00005	0.00005	1.25000	1.00000	0.90000	0.02000	0.50000	0.50000	2000.00000	0.03100	0.00996
500.00000	2.00000	20000.00000	0.14678	0.00005	0.00050	1.50000	0.10000	0.90000	0.02000	0.50000	0.50000	2000.00000	0.79550	0.02318
500.00000	2.00000	20000.00000	0.14678	0.00005	0.00005	1.50000	1.00000	0.90000	0.02000	0.50000	0.50000	2000.00000	0.03900	0.01113
500.00000	2.00000	20000.00000	0.21544	0.00005	0.00050	1.01000	0.10000	0.90000	0.02000	0.50000	0.50000	2000.00000	0.00000	0.00000
500.00000	2.00000	20000.00000	0.21544	0.00005	0.00005	1.01000	1.00000	0.90000	0.02000	0.50000	0.50000	2000.00000	0.00000	0.00000
500.00000	2.00000	20000.00000	0.21544	0.00005	0.00050	1.25000	0.10000	0.90000	0.02000	0.50000	0.50000	2000.00000	0.97600	0.00880
500.00000	2.00000	20000.00000	0.21544	0.00005	0.00005	1.25000	1.00000	0.90000	0.02000	0.50000	0.50000	2000.00000	0.01950	0.00795
500.00000	2.00000	20000.00000	0.21544	0.00005	0.00050	1.50000	0.10000	0.90000	0.02000	0.50000	0.50000	2000.00000	0.99300	0.00479
500.00000	2.00000	20000.00000	0.21544	0.00005	0.00005	1.50000	1.00000	0.90000	0.02000	0.50000	0.50000	2000.00000	0.03100	0.00996
500.00000	2.00000	20000.00000	0.31623	0.00005	0.00050	1.01000	0.10000	0.90000	0.02000	0.50000	0.50000	2000.00000	0.00000	0.00000
500.00000	2.00000	20000.00000	0.31623	0.00005	0.00005	1.01000	1.00000	0.90000	0.02000	0.50000	0.50000	2000.00000	0.00000	0.00000
500.00000	2.00000	20000.00000	0.31623	0.00005	0.00050	1.25000	0.10000	0.90000	0.02000	0.50000	0.50000	2000.00000	0.99900	0.00182
500.00000	2.00000	20000.00000	0.31623	0.00005	0.00005	1.25000	1.00000	0.90000	0.02000	0.50000	0.50000	2000.00000	0.01400	0.00675
500.00000	2.00000	20000.00000	0.31623	0.00005	0.00050	1.50000	0.10000	0.90000	0.02000	0.50000	0.50000	2000.00000	1.00000	0.00000
500.00000	2.00000	20000.00000	0.31623	0.00005	0.00005	1.50000	1.00000	0.90000	0.02000	0.50000	0.50000	2000.00000	0.02550	0.00906
500.00000	2.00000	20000.00000	0.46416	0.00005	0.00050	1.01000	0.10000	0.90000	0.02000	0.50000	0.50000	2000.00000	0.00000	0.00000
500.00000	2.00000	20000.00000	0.46416	0.00005	0.00005	1.01000	1.00000	0.90000	0.02000	0.50000	0.50000	2000.00000	0.00000	0.00000
500.00000	2.00000	20000.00000	0.46416	0.00005	0.00050	1.25000	0.10000	0.90000	0.02000	0.50000	0.50000	2000.00000	0.75150	0.02483
500.00000	2.00000	20000.00000	0.46416	0.00005	0.00005	1.25000	1.00000	0.90000	0.02000	0.50000	0.50000	2000.00000	0.00000	0.00000
500.00000	2.00000	20000.00000	0.46416	0.00005	0.00050	1.50000	0.10000	0.90000	0.02000	0.50000	0.50000	2000.00000	1.00000	0.00000
500.00000	2.00000	20000.00000	0.46416	0.00005	0.00005	1.50000	1.00000	0.90000	0.02000	0.50000	0.50000	2000.00000	0.01850	0.00774
500.00000	2.00000	20000.00000	0.68129	0.00005	0.00050	1.01000	0.10000	0.90000	0.02000	0.50000	0.50000	2000.00000	0.00000	0.00000
500.00000	2.00000	20000.00000	0.68129	0.00005	0.00005	1.01000	1.00000	0.90000	0.02000	0.50000	0.50000	2000.00000	0.00000	0.00000
500.00000	2.00000	20000.00000	0.68129	0.00005	0.00050	1.25000	0.10000	0.90000	0.02000	0.50000	0.50000	2000.00000	0.72000	0.02580
500.00000	2.00000	20000.00000	0.68129	0.00005	0.00005	1.25000	1.00000	0.90000	0.02000	0.50000	0.50000	2000.00000	0.00000	0.00000
500.00000	2.00000	20000.00000	0.68129	0.00005	0.00050	1.50000	0.10000	0.90000	0.02000	0.50000	0.50000	2000.00000	0.98650	0.00663
500.00000	2.00000	20000.00000	0.68129	0.00005	0.00005	1.50000	1.00000	0.90000	0.02000	0.50000	0.50000	2000.00000	0.00050	0.00128
500.00000	2.00000	20000.00000	1.00000	0.00005	0.00050	1.01000	0.10000	0.90000	0.02000	0.50000	0.50000	2000.00000	0.00000	0.00000
500.00000	2.00000	20000.00000	1.00000	0.00005	0.00005	1.01000	1.00000	0.90000	0.02000	0.50000	0.50000	2000.00000	0.00000	0.00000
500.00000	2.00000	20000.00000	1.00000	0.00005	0.00050	1.25000	0.10000	0.90000	0.02000	0.50000	0.50000	2000.00000	0.71850	0.02584
500.00000	2.00000	20000.00000	1.00000	0.00005	0.00005	1.25000	1.00000	0.90000	0.02000	0.50000	0.50000	2000.00000	0.00000	0.00000
500.00000	2.00000	20000.00000	1.00000	0.00005	0.00050	1.50000	0.10000	0.90000	0.02000	0.50000	0.50000	2000.00000	0.91450	0.01607
500.00000	2.00000	20000.00000	1.00000	0.00005	0.00005	1.50000	1.00000	0.90000	0.02000	0.50000	0.50000	2000.00000	0.00000	0.00000
100.00000	2.00000	20000.00000	0.00010	0.00005	0.00050	1.05000	0.10000	0.90000	0.02000	0.50000	0.50000	2000.00000	0.31400	0.02667
100.00000	2.00000	20000.00000	0.00010	0.00005	0.00005	1.05000	1.00000	0.90000	0.02000	0.50000	0.50000	2000.00000	0.06050	0.01370
100.00000	2.00000	20000.00000	0.00015	0.00005	0.00050	1.05000	0.10000	0.90000	0.02000	0.50000	0.50000	2000.00000	0.32950	0.02701
100.00000	2.00000	20000.00000	0.00015	0.00005	0.00005	1.05000	1.00000	0.90000	0.02000	0.50000	0.50000	2000.00000	0.05450	0.01305
100.00000	2.00000	20000.00000	0.00022	0.00005	0.00050	1.05000	0.10000	0.90000	0.02000	0.50000	0.50000	2000.00000	0.31450	0.02668
100.00000	2.00000	20000.00000	0.00022	0.00005	0.00005	1.05000	1.00000	0.90000	0.02000	0.50000	0.50000	2000.00000	0.05150	0.01270
100.00000	2.00000	20000.00000	0.00032	0.00005	0.00050	1.05000	0.10000	0.90000	0.02000	0.50000	0.50000	2000.00000	0.33150	0.02705
100.00000	2.00000	20000.00000	0.00032	0.00005	0.00005	1.05000	1.00000	0.90000	0.02000	0.50000	0.50000	2000.00000	0.04650	0.01210
100.00000	2.00000	20000.00000	0.00046	0.00005	0.00050	1.05000	0.10000	0.90000	0.02000	0.50000	0.50000	2000.00000	0.31850	0.02677
100.00000	2.00000	20000.00000	0.00046	0.00005	0.00005	1.05000	1.00000	0.90000	0.02000	0.50000	0.50000	2000.00000	0.05800	0.01343
100.00000	2.00000	20000.00000	0.00068	0.00005	0.00050	1.05000	0.10000	0.90000	0.02000	0.50000	0.50000	2000.00000	0.32050	0.02682
100.00000	2.00000	20000.00000	0.00068	0.00005	0.00005	1.05000	1.00000	0.90000	0.02000	0.50000	0.50000	2000.00000	0.06200	0.01386
100.00000	2.00000	20000.00000	0.00100	0.00005	0.00050	1.05000	0.10000	0.90000	0.02000	0.50000	0.50000	2000.00000	0.34400	0.02730
100.00000	2.00000	20000.00000	0.00100	0.00005	0.00005	1.05000	1.00000	0.90000	0.02000	0.50000	0.50000	2000.00000	0.05750	0.01338
100.00000	2.00000	20000.00000	0.00147	0.00005	0.00050	1.05000	0.10000	0.90000	0.02000	0.50000	0.50000	2000.00000	0.31750	0.02675
100.00000	2.00000	20000.00000	0.00147	0.00005	0.00005	1.05000	1.00000	0.90000	0.02000	0.50000	0.50000	2000.00000	0.04700	0.01216
100.00000	2.00000	20000.00000	0.00215	0.00005	0.00050	1.05000	0.10000	0.90000	0.02000	0.50000	0.50000	2000.00000	0.33650	0.02715
100.00000	2.00000	20000.00000	0.00215	0.00005	0.00005	1.05000	1.00000	0.90000	0.02000	0.50000	0.50000	2000.00000	0.05050	0.01258
100.00000	2.00000	20000.00000	0.00316	0.00005	0.00050	1.05000	0.10000	0.90000	0.02000	0.50000	0.50000	2000.00000	0.32050	0.02682
100.00000	2.00000	20000.00000	0.00316	0.00005	0.00005	1.05000	1.00000	0.90000	0.02000	0.50000	0.50000	2000.00000	0.06400	0.01407
100.00000	2.00000	20000.00000	0.00464	0.00005	0.00050	1.05000	0.10000	0.90000	0.02000	0.50000	0.50000	2000.00000	0.31800	0.02676
100.00000	2.00000	20000.00000	0.00464	0.00005	0.00005	1.05000	1.00000	0.90000	0.02000	0.50000	0.50000	2000.00000	0.05550	0.01316
100.00000	2.00000	20000.00000	0.00681	0.00005	0.00050	1.05000	0.10000	0.90000	0.02000	0.50000	0.50000	2000.00000	0.31000	0.02658
100.00000	2.00000	20000.00000	0.00681	0.00005	0.00005	1.05000	1.00000	0.90000	0.02000	0.50000	0.50000	2000.00000	0.06450	0.01412
100.00000	2.00000	20000.00000	0.01000	0.00005	0.00050	1.05000	0.10000	0.90000	0.02000	0.50000	0.50000	2000.00000	0.31900	0.02678
100.00000	2.00000	20000.00000	0.01000	0.00005	0.00005	1.05000	1.00000	0.90000	0.02000	0.50000	0.50000	2000.00000	0.05300	0.01287
100.00000	2.00000	20000.00000	0.01468	0.00005	0.00050	1.05000	0.10000	0.90000	0.02000	0.50000	0.50000	2000.00000	0.32100	0.02683
100.00000	2.00000	20000.00000	0.01468	0.00005	0.00005	1.05000	1.00000	0.90000	0.02000	0.50000	0.50000	2000.00000	0.04500	0.01191
100.00000	2.00000	20000.00000	0.02154	0.00005	0.00050	1.05000	0.10000	0.90000	0.02000	0.50000	0.50000	2000.00000	0.32850	0.02699
100.00000	2.00000	20000.00000	0.02154	0.00005	0.00005	1.05000	1.00000	0.90000	0.02000	0.50000	0.50000	2000.00000	0.05450	0.01305
100.00000	2.00000	20000.00000	0.03162	0.00005	0.00050	1.05000	0.10000	0.90000	0.02000	0.50000	0.50000	2000.00000	0.31400	0.02667
100.00000	2.00000	20000.00000	0.03162	0.00005	0.00005	1.05000	1.00000	0.90000	0.02000	0.50000	0.50000	2000.00000	0.03950	0.01119
100.00000	2.00000	20000.00000	0.04642	0.00005	0.00050	1.05000	0.10000	0.90000	0.02000	0.50000	0.50000	2000.00000	0.30400	0.02643
100.00000	2.00000	20000.00000	0.04642	0.00005	0.00005	1.05000	1.00000	0.90000	0.02000	0.50000	0.50000	2000.00000	0.03450	0.01049
100.00000	2.00000	20000.00000	0.06813	0.00005	0.00050	1.05000	0.10000	0.90000	0.02000	0.50000	0.50000	2000.00000	0.23550	0.02438
100.00000	2.00000	20000.00000	0.06813	0.00005	0.00005	1.05000	1.00000	0.90000	0.02000	0.50000	0.50000	2000.00000	0.02600	0.00915
100.00000	2.00000	20000.00000	0.10000	0.00005	0.00050	1.05000	0.10000	0.90000	0.02000	0.50000	0.50000	2000.00000	0.19050	0.02257
100.00000	2.00000	20000.00000	0.10000	0.00005	0.00005	1.05000	1.00000	0.90000	0.02000	0.50000	0.50000	2000.00000	0.01000	0.00572
100.00000	2.00000	20000.00000	0.14678	0.00005	0.00050	1.05000	0.10000	0.90000	0.02000	0.50000	0.50000	2000.00000	0.10500	0.01762
100.00000	2.00000	20000.00000	0.14678	0.00005	0.00005	1.05000	1.00000	0.90000	0.02000	0.50000	0.50000	2000.00000	0.00250	0.00287
100.00000	2.00000	20000.00000	0.21544	0.00005	0.00050	1.05000	0.10000	0.90000	0.02000	0.50000	0.50000	2000.00000	0.07000	0.01466
100.00000	2.00000	20000.00000	0.21544	0.00005	0.00005	1.05000	1.00000	0.90000	0.02000	0.50000	0.50000	2000.00000	0.00000	0.00000
100.00000	2.00000	20000.00000	0.31623	0.00005	0.00050	1.05000	0.10000	0.90000	0.02000	0.50000	0.50000	2000.00000	0.05600	0.01321
100.00000	2.00000	20000.00000	0.31623	0.00005	0.00005	1.05000	1.00000	0.90000	0.02000	0.50000	0.50000	2000.00000	0.00000	0.00000
100.00000	2.00000	20000.00000	0.46416	0.00005	0.00050	1.05000	0.10000	0.90000	0.02000	0.50000	0.50000	2000.00000	0.04850	0.01235
100.00000	2.00000	20000.00000	0.46416	0.00005	0.00005	1.05000	1.00000	0.90000	0.02000	0.50000	0.50000	2000.00000	0.00000	0.00000
100.00000	2.00000	20000.00000	0.68129	0.00005	0.00050	1.05000	0.10000	0.90000	0.02000	0.50000	0.50000	2000.00000	0.04500	0.01191
100.00000	2.00000	20000.00000	0.68129	0.00005	0.00005	1.05000	1.00000	0.90000	0.02000	0.50000	0.50000	2000.00000	0.00000	0.00000
100.00000	2.00000	20000.00000	1.00000	0.00005	0.00050	1.05000	0.10000	0.90000	0.02000	0.50000	0.50000	2000.00000	0.03700	0.01085
100.00000	2.00000	20000.00000	1.00000	0.00005	0.00005	1.05000	1.00000	0.90000	0.02000	0.50000	0.50000	2000.00000	0.00000	0.00000
500.00000	2.00000	20000.00000	0.00010	0.00005	0.00050	1.05000	0.10000	0.90000	0.02000	0.50000	0.50000	2000.00000	0.30950	0.02657
500.00000	2.00000	20000.00000	0.00010	0.00005	0.00005	1.05000	1.00000	0.90000	0.02000	0.50000	0.50000	2000.00000	0.06000	0.01365
500.00000	2.00000	20000.00000	0.00015	0.00005	0.00050	1.05000	0.10000	0.90000	0.02000	0.50000	0.50000	2000.00000	0.32300	0.02687
500.00000	2.00000	20000.00000	0.00015	0.00005	0.00005	1.05000	1.00000	0.90000	0.02000	0.50000	0.50000	2000.00000	0.06400	0.01407
500.00000	2.00000	20000.00000	0.00022	0.00005	0.00050	1.05000	0.10000	0.90000	0.02000	0.50000	0.50000	2000.00000	0.33800	0.02718
500.00000	2.00000	20000.00000	0.00022	0.00005	0.00005	1.05000	1.00000	0.90000	0.02000	0.50000	0.50000	2000.00000	0.05800	0.01343
500.00000	2.00000	20000.00000	0.00032	0.00005	0.00050	1.05000	0.10000	0.90000	0.02000	0.50000	0.50000	2000.00000	0.32600	0.02694
500.00000	2.00000	20000.00000	0.00032	0.00005	0.00005	1.05000	1.00000	0.90000	0.02000	0.50000	0.50000	2000.00000	0.06250	0.01391
500.00000	2.00000	20000.00000	0.00046	0.00005	0.00050	1.05000	0.10000	0.90000	0.02000	0.50000	0.50000	2000.00000	0.31400	0.02667
500.00000	2.00000	20000.00000	0.00046	0.00005	0.00005	1.05000	1.00000	0.90000	0.02000	0.50000	0.50000	2000.00000	0.06250	0.01391
500.00000	2.00000	20000.00000	0.00068	0.00005	0.00050	1.05000	0.10000	0.90000	0.02000	0.50000	0.50000	2000.00000	0.33350	0.02709
500.00000	2.00000	20000.00000	0.00068	0.00005	0.00005	1.05000	1.00000	0.90000	0.02000	0.50000	0.50000	2000.00000	0.06400	0.01407
500.00000	2.00000	20000.00000	0.00100	0.00005	0.00050	1.05000	0.10000	0.90000	0.02000	0.50000	0.50000	2000.00000	0.33600	0.02714
500.00000	2.00000	20000.00000	0.00100	0.00005	0.00005	1.05000	1.00000	0.90000	0.02000	0.50000	0.50000	2000.00000	0.06450	0.01412
500.00000	2.00000	20000.00000	0.00147	0.00005	0.00050	1.05000	0.10000	0.90000	0.02000	0.50000	0.50000	2000.00000	0.34700	0.02736
500.00000	2.00000	20000.00000	0.00147	0.00005	0.00005	1.05000	1.00000	0.90000	0.02000	0.50000	0.50000	2000.00000	0.06100	0.01375
500.00000	2.00000	20000.00000	0.00215	0.00005	0.00050	1.05000	0.10000	0.90000	0.02000	0.50000	0.50000	2000.00000	0.38200	0.02792
500.00000	2.00000	20000.00000	0.00215	0.00005	0.00005	1.05000	1.00000	0.90000	0.02000	0.50000	0.50000	2000.00000	0.06200	0.01386
500.00000	2.00000	20000.00000	0.00316	0.00005	0.00050	1.05000	0.10000	0.90000	0.02000	0.50000	0.50000	2000.00000	0.39950	0.02815
500.00000	2.00000	20000.00000	0.00316	0.00005	0.00005	1.05000	1.00000	0.90000	0.02000	0.50000	0.50000	2000.00000	0.07700	0.01532
500.00000	2.00000	20000.00000	0.00464	0.00005	0.00050	1.05000	0.10000	0.90000	0.02000	0.50000	0.50000	2000.00000	0.41750	0.02834
500.00000	2.00000	20000.00000	0.00464	0.00005	0.00005	1.05000	1.00000	0.90000	0.02000	0.50000	0.50000	2000.00000	0.07300	0.01495
500.00000	2.00000	20000.00000	0.00681	0.00005	0.00050	1.05000	0.10000	0.90000	0.02000	0.50000	0.50000	2000.00000	0.43750	0.02851
500.00000	2.00000	20000.00000	0.00681	0.00005	0.00005	1.05000	1.00000	0.90000	0.02000	0.50000	0.50000	2000.00000	0.08750	0.01624
500.00000	2.00000	20000.00000	0.01000	0.00005	0.00050	1.05000	0.10000	0.90000	0.02000	0.50000	0.50000	2000.00000	0.50700	0.02873
500.00000	2.00000	20000.00000	0.01000	0.00005	0.00005	1.05000	1.00000	0.90000	0.02000	0.50000	0.50000	2000.00000	0.08900	0.01636
500.00000	2.00000	20000.00000	0.01468	0.00005	0.00050	1.05000	0.10000	0.90000	0.02000	0.50000	0.50000	2000.00000	0.53150	0.02868
500.00000	2.00000	20000.00000	0.01468	0.00005	0.00005	1.05000	1.00000	0.90000	0.02000	0.50000	0.50000	2000.00000	0.08400	0.01594
500.00000	2.00000	20000.00000	0.02154	0.00005	0.00050	1.05000	0.10000	0.90000	0.02000	0.50000	0.50000	2000.00000	0.50900	0.02873
500.00000	2.00000	20000.00000	0.02154	0.00005	0.00005	1.05000	1.00000	0.90000	0.02000	0.50000	0.50000	2000.00000	0.08350	0.01590
500.00000	2.00000	20000.00000	0.03162	0.00005	0.00050	1.05000	0.10000	0.90000	0.02000	0.50000	0.50000	2000.00000	0.46800	0.02867
500.00000	2.00000	20000.00000	0.03162	0.00005	0.00005	1.05000	1.00000	0.90000	0.02000	0.50000	0.50000	2000.00000	0.06150	0.01381
500.00000	2.00000	20000.00000	0.04642	0.00005	0.00050	1.05000	0.10000	0.90000	0.02000	0.50000	0.50000	2000.00000	0.39750	0.02812
500.00000	2.00000	20000.00000	0.04642	0.00005	0.00005	1.05000	1.00000	0.90000	0.02000	0.50000	0.50000	2000.00000	0.03400	0.01041
500.00000	2.00000	20000.00000	0.06813	0.00005	0.00050	1.05000	0.10000	0.90000	0.02000	0.50000	0.50000	2000.00000	0.24950	0.02487
500.00000	2.00000	20000.00000	0.06813	0.00005	0.00005	1.05000	1.00000	0.90000	0.02000	0.50000	0.50000	2000.00000	0.02050	0.00814
500.00000	2.00000	20000.00000	0.10000	0.00005	0.00050	1.05000	0.10000	0.90000	0.02000	0.50000	0.50000	2000.00000	0.03700	0.01085
500.00000	2.00000	20000.00000	0.10000	0.00005	0.00005	1.05000	1.00000	0.90000	0.02000	0.50000	0.50000	2000.00000	0.00000	0.00000
500.00000	2.00000	20000.00000	0.14678	0.00005	0.00050	1.05000	0.10000	0.90000	0.02000	0.50000	0.50000	2000.00000	0.00100	0.00182
500.00000	2.00000	20000.00000	0.14678	0.00005	0.00005	1.05000	1.00000	0.90000	0.02000	0.50000	0.50000	2000.00000	0.00000	0.00000
500.00000	2.00000	20000.00000	0.21544	0.00005	0.00050	1.05000	0.10000	0.90000	0.02000	0.50000	0.50000	2000.00000	0.00000	0.00000
500.00000	2.00000	20000.00000	0.21544	0.00005	0.00005	1.05000	1.00000	0.90000	0.02000	0.50000	0.50000	2000.00000	0.00000	0.00000
500.00000	2.00000	20000.00000	0.31623	0.00005	0.00050	1.05000	0.10000	0.90000	0.02000	0.50000	0.50000	2000.00000	0.00000	0.00000
500.00000	2.00000	20000.00000	0.31623	0.00005	0.00005	1.05000	1.00000	0.90000	0.02000	0.50000	0.50000	2000.00000	0.00000	0.00000
500.00000	2.00000	20000.00000	0.46416	0.00005	0.00050	1.05000	0.10000	0.90000	0.02000	0.50000	0.50000	2000.00000	0.00000	0.00000
500.00000	2.00000	20000.00000	0.46416	0.00005	0.00005	1.05000	1.00000	0.90000	0.02000	0.50000	0.50000	2000.00000	0.00000	0.00000
500.00000	2.00000	20000.00000	0.68129	0.00005	0.00050	1.05000	0.10000	0.90000	0.02000	0.50000	0.50000	2000.00000	0.00000	0.00000
500.00000	2.00000	20000.00000	0.68129	0.00005	0.00005	1.05000	1.00000	0.90000	0.02000	0.50000	0.50000	2000.00000	0.00000	0.00000
500.00000	2.00000	20000.00000	1.00000	0.00005	0.00050	1.05000	0.10000	0.90000	0.02000	0.50000	0.50000	2000.00000	0.00000	0.00000
500.00000	2.00000	20000.00000	1.00000	0.00005	0.00005	1.05000	1.00000	0.90000	0.02000	0.50000	0.50000	2000.00000	0.00000	0.00000
